
    0       	110.31		170	0.34227	0.65773	   0	   0	   0	   0	   0	   0	   0	
    1       	122.34		170	0.42457	0.57543	   0	   0	   0	   0	   0	   0	   0	
    2       	128.84		170	0.46908	0.53092	   0	   0	   0	   0	   0	   0	   0	
    3       	133.31		170	0.49973	0.50027	   0	   0	   0	   0	   0	   0	   0	
    4       	136.72		170	0.52308	0.47692	   0	   0	   0	   0	   0	   0	   0	
    5       	139.45		170	0.54183	0.45817	   0	   0	   0	   0	   0	   0	   0	
    6       	141.73		170	0.55742	0.44258	   0	   0	   0	   0	   0	   0	   0	
    7       	143.66		170	0.57073	0.42927	   0	   0	   0	   0	   0	   0	   0	
    8       	145.35		170	0.58228	0.41772	   0	   0	   0	   0	   0	   0	   0	
    9       	146.83		170	0.59246	0.40754	   0	   0	   0	   0	   0	   0	   0	
    10       	148.15		170	0.60153	0.39847	   0	   0	   0	   0	   0	   0	   0	
    11       	149.33		170	0.60969	0.39031	   0	   0	   0	   0	   0	   0	   0	
    12       	150.41		170	0.61709	0.38291	   0	   0	   0	   0	   0	   0	   0	
    13       	151.39		170	0.62383	0.37617	   0	   0	   0	   0	   0	   0	   0	
    14       	152.28		170	0.63002	0.36998	   0	   0	   0	   0	   0	   0	   0	
    15       	153.11		170	0.63573	0.36427	   0	   0	   0	   0	   0	   0	   0	
    16       	153.88		170	0.64102	0.35898	   0	   0	   0	   0	   0	   0	   0	
    17       	154.59		170	0.64593	0.35407	   0	   0	   0	   0	   0	   0	   0	
    18       	155.11		170	0.65112	0.34888	   0	   0	   0	   0	   0	   0	   0	
    19       	155.6		170	0.65596	0.34404	   0	   0	   0	   0	   0	   0	   0	
    20       	156.05		170	0.66048	0.33952	   0	   0	   0	   0	   0	   0	   0	
    21       	156.47		170	0.6647	0.3353	   0	   0	   0	   0	   0	   0	   0	
    22       	156.87		170	0.66866	0.33134	   0	   0	   0	   0	   0	   0	   0	
    23       	157.24		170	0.67239	0.32761	   0	   0	   0	   0	   0	   0	   0	
    24       	157.59		170	0.67081	0.32919	   0	   0	   0	   0	   0	   0	   0	
    25       	157.92		170	0.6792	0.3208	   0	   0	   0	   0	   0	   0	   0	
    26       	158.23		170	0.68233	0.31767	   0	   0	   0	   0	   0	   0	   0	
    27       	158.53		170	0.6853	0.3147	   0	   0	   0	   0	   0	   0	   0	
    28       	158.81		170	0.68811	0.31189	   0	   0	   0	   0	   0	   0	   0	
    29       	159.08		170	0.69078	0.30922	   0	   0	   0	   0	   0	   0	   0	
    30       	159.33		170	0.69332	0.30668	   0	   0	   0	   0	   0	   0	   0	
    31       	159.57		170	0.69574	0.30426	   0	   0	   0	   0	   0	   0	   0	
    32       	159.8		170	0.69805	0.30195	   0	   0	   0	   0	   0	   0	   0	
    33       	160.03		170	0.70026	0.29974	   0	   0	   0	   0	   0	   0	   0	
    34       	160.24		170	0.70237	0.29763	   0	   0	   0	   0	   0	   0	   0	
    35       	160.44		170	0.70438	0.29562	   0	   0	   0	   0	   0	   0	   0	
    36       	160.63		170	0.70632	0.29368	   0	   0	   0	   0	   0	   0	   0	
    37       	160.82		170	0.70817	0.29183	   0	   0	   0	   0	   0	   0	   0	
    38       	160.99		170	0.70995	0.29005	   0	   0	   0	   0	   0	   0	   0	
    39       	161.17		170	0.71167	0.28833	   0	   0	   0	   0	   0	   0	   0	
    40       	161.33		170	0.71331	0.28669	   0	   0	   0	   0	   0	   0	   0	
    41       	161.49		170	0.7149	0.2851	   0	   0	   0	   0	   0	   0	   0	
    42       	161.64		170	0.71642	0.28358	   0	   0	   0	   0	   0	   0	   0	
    43       	161.79		170	0.71789	0.28211	   0	   0	   0	   0	   0	   0	   0	
    44       	161.93		170	0.71931	0.28069	   0	   0	   0	   0	   0	   0	   0	
    45       	162.07		170	0.72068	0.27932	   0	   0	   0	   0	   0	   0	   0	
    46       	162.2		170	0.722	0.278	   0	   0	   0	   0	   0	   0	   0	
    47       	162.33		170	0.72328	0.27672	   0	   0	   0	   0	   0	   0	   0	
    48       	162.45		170	0.72452	0.27548	   0	   0	   0	   0	   0	   0	   0	
    49       	162.57		170	0.72571	0.27429	   0	   0	   0	   0	   0	   0	   0	
    50       	162.69		170	0.72687	0.27313	   0	   0	   0	   0	   0	   0	   0	
    51       	162.8		170	0.72799	0.27201	   0	   0	   0	   0	   0	   0	   0	
    52       	162.91		170	0.72908	0.27092	   0	   0	   0	   0	   0	   0	   0	
    53       	163.01		170	0.73013	0.26987	   0	   0	   0	   0	   0	   0	   0	
    54       	163.11		170	0.73115	0.26885	   0	   0	   0	   0	   0	   0	   0	
    55       	163.21		170	0.73215	0.26785	   0	   0	   0	   0	   0	   0	   0	
    56       	163.31		170	0.73311	0.26689	   0	   0	   0	   0	   0	   0	   0	
    57       	163.4		170	0.73405	0.26595	   0	   0	   0	   0	   0	   0	   0	
    58       	163.49		170	0.73496	0.26504	   0	   0	   0	   0	   0	   0	   0	
    59       	163.58		170	0.73584	0.26416	   0	   0	   0	   0	   0	   0	   0	
    60       	163.67		170	0.7367	0.2633	   0	   0	   0	   0	   0	   0	   0	
    61       	163.75		170	0.73754	0.26246	   0	   0	   0	   0	   0	   0	   0	
    62       	163.83		170	0.73836	0.26164	   0	   0	   0	   0	   0	   0	   0	
    63       	163.91		170	0.73915	0.26085	   0	   0	   0	   0	   0	   0	   0	
    64       	163.99		170	0.73993	0.26007	   0	   0	   0	   0	   0	   0	   0	
    65       	164.07		170	0.74068	0.25932	   0	   0	   0	   0	   0	   0	   0	
    66       	164.14		170	0.74141	0.25859	   0	   0	   0	   0	   0	   0	   0	
    67       	164.21		170	0.74213	0.25787	   0	   0	   0	   0	   0	   0	   0	
    68       	164.28		170	0.74283	0.25717	   0	   0	   0	   0	   0	   0	   0	
    69       	164.35		170	0.74351	0.25649	   0	   0	   0	   0	   0	   0	   0	
    70       	164.42		170	0.74418	0.25582	   0	   0	   0	   0	   0	   0	   0	
    71       	164.48		170	0.74483	0.25517	   0	   0	   0	   0	   0	   0	   0	
    72       	164.55		170	0.74547	0.25453	   0	   0	   0	   0	   0	   0	   0	
    73       	164.61		170	0.74609	0.25391	   0	   0	   0	   0	   0	   0	   0	
    74       	164.67		170	0.74669	0.25331	   0	   0	   0	   0	   0	   0	   0	
    75       	164.73		170	0.74729	0.25271	   0	   0	   0	   0	   0	   0	   0	
    76       	164.79		170	0.74787	0.25213	   0	   0	   0	   0	   0	   0	   0	
    77       	164.84		170	0.74843	0.25157	   0	   0	   0	   0	   0	   0	   0	
    78       	164.9		170	0.74899	0.25101	   0	   0	   0	   0	   0	   0	   0	
    79       	164.95		170	0.74953	0.25047	   0	   0	   0	   0	   0	   0	   0	
    80       	165.01		170	0.75006	0.24994	   0	   0	   0	   0	   0	   0	   0	
    81       	165.06		170	0.75058	0.24942	   0	   0	   0	   0	   0	   0	   0	
    82       	165.11		170	0.75109	0.24891	   0	   0	   0	   0	   0	   0	   0	
    83       	165.16		170	0.75159	0.24841	   0	   0	   0	   0	   0	   0	   0	
    84       	165.21		170	0.75208	0.24792	   0	   0	   0	   0	   0	   0	   0	
    85       	165.25		170	0.75256	0.24744	   0	   0	   0	   0	   0	   0	   0	
    86       	165.3		170	0.75303	0.24697	   0	   0	   0	   0	   0	   0	   0	
    87       	165.35		170	0.75349	0.24651	   0	   0	   0	   0	   0	   0	   0	
    88       	165.39		170	0.75394	0.24606	   0	   0	   0	   0	   0	   0	   0	
    89       	165.44		170	0.75438	0.24562	   0	   0	   0	   0	   0	   0	   0	
    90       	165.48		170	0.75481	0.24519	   0	   0	   0	   0	   0	   0	   0	
    91       	165.52		170	0.75524	0.24476	   0	   0	   0	   0	   0	   0	   0	
    92       	165.56		170	0.75565	0.24435	   0	   0	   0	   0	   0	   0	   0	
    93       	165.61		170	0.75606	0.24394	   0	   0	   0	   0	   0	   0	   0	
    94       	165.65		170	0.75647	0.24353	   0	   0	   0	   0	   0	   0	   0	
    95       	165.69		170	0.75686	0.24314	   0	   0	   0	   0	   0	   0	   0	
    96       	165.72		170	0.75725	0.24275	   0	   0	   0	   0	   0	   0	   0	
    97       	165.76		170	0.75763	0.24237	   0	   0	   0	   0	   0	   0	   0	
    98       	165.8		170	0.758	0.242	   0	   0	   0	   0	   0	   0	   0	
    99       	165.84		170	0.75837	0.24163	   0	   0	   0	   0	   0	   0	   0	
    100       	165.87		170	0.75873	0.24127	   0	   0	   0	   0	   0	   0	   0	
    101       	165.91		170	0.75909	0.24091	   0	   0	   0	   0	   0	   0	   0	
    102       	165.94		170	0.75944	0.24056	   0	   0	   0	   0	   0	   0	   0	
    103       	165.98		170	0.75978	0.24022	   0	   0	   0	   0	   0	   0	   0	
    104       	166.01		170	0.76011	0.23989	   0	   0	   0	   0	   0	   0	   0	
    105       	166.04		170	0.76045	0.23955	   0	   0	   0	   0	   0	   0	   0	
    106       	166.08		170	0.76077	0.23923	   0	   0	   0	   0	   0	   0	   0	
    107       	166.11		170	0.76109	0.23891	   0	   0	   0	   0	   0	   0	   0	
    108       	166.14		170	0.76141	0.23859	   0	   0	   0	   0	   0	   0	   0	
    109       	166.17		170	0.76172	0.23828	   0	   0	   0	   0	   0	   0	   0	
    110       	166.2		170	0.76202	0.23798	   0	   0	   0	   0	   0	   0	   0	
    111       	166.23		170	0.76232	0.23768	   0	   0	   0	   0	   0	   0	   0	
    112       	166.26		170	0.76262	0.23738	   0	   0	   0	   0	   0	   0	   0	
    113       	166.29		170	0.76291	0.23709	   0	   0	   0	   0	   0	   0	   0	
    114       	166.32		170	0.7632	0.2368	   0	   0	   0	   0	   0	   0	   0	
    115       	166.35		170	0.76348	0.23652	   0	   0	   0	   0	   0	   0	   0	
    116       	166.37		170	0.76376	0.23624	   0	   0	   0	   0	   0	   0	   0	
    117       	166.4		170	0.76403	0.23597	   0	   0	   0	   0	   0	   0	   0	
    118       	166.43		170	0.7643	0.2357	   0	   0	   0	   0	   0	   0	   0	
    119       	166.46		170	0.76456	0.23544	   0	   0	   0	   0	   0	   0	   0	
    120       	166.48		170	0.76482	0.23518	   0	   0	   0	   0	   0	   0	   0	
    121       	166.51		170	0.76508	0.23492	   0	   0	   0	   0	   0	   0	   0	
    122       	166.53		170	0.76534	0.23466	   0	   0	   0	   0	   0	   0	   0	
    123       	166.56		170	0.76559	0.23441	   0	   0	   0	   0	   0	   0	   0	
    124       	166.58		170	0.76583	0.23417	   0	   0	   0	   0	   0	   0	   0	
    125       	166.61		170	0.76608	0.23392	   0	   0	   0	   0	   0	   0	   0	
    126       	166.63		170	0.76632	0.23368	   0	   0	   0	   0	   0	   0	   0	
    127       	166.65		170	0.76655	0.23345	   0	   0	   0	   0	   0	   0	   0	
    128       	166.68		170	0.76678	0.23322	   0	   0	   0	   0	   0	   0	   0	
    129       	166.7		170	0.76701	0.23299	   0	   0	   0	   0	   0	   0	   0	
    130       	166.72		170	0.76724	0.23276	   0	   0	   0	   0	   0	   0	   0	
    131       	166.75		170	0.76746	0.23254	   0	   0	   0	   0	   0	   0	   0	
    132       	166.77		170	0.76768	0.23232	   0	   0	   0	   0	   0	   0	   0	
    133       	166.79		170	0.7679	0.2321	   0	   0	   0	   0	   0	   0	   0	
    134       	166.81		170	0.76812	0.23188	   0	   0	   0	   0	   0	   0	   0	
    135       	166.83		170	0.76833	0.23167	   0	   0	   0	   0	   0	   0	   0	
    136       	166.85		170	0.76854	0.23146	   0	   0	   0	   0	   0	   0	   0	
    137       	166.87		170	0.76874	0.23126	   0	   0	   0	   0	   0	   0	   0	
    138       	166.89		170	0.76895	0.23105	   0	   0	   0	   0	   0	   0	   0	
    139       	166.91		170	0.76915	0.23085	   0	   0	   0	   0	   0	   0	   0	
    140       	166.93		170	0.76934	0.23066	   0	   0	   0	   0	   0	   0	   0	
    141       	166.95		170	0.76954	0.23046	   0	   0	   0	   0	   0	   0	   0	
    142       	166.97		170	0.76973	0.23027	   0	   0	   0	   0	   0	   0	   0	
    143       	166.99		170	0.76992	0.23008	   0	   0	   0	   0	   0	   0	   0	
    144       	167.01		170	0.77011	0.22989	   0	   0	   0	   0	   0	   0	   0	
    145       	167.03		170	0.7703	0.2297	   0	   0	   0	   0	   0	   0	   0	
    146       	167.05		170	0.77048	0.22952	   0	   0	   0	   0	   0	   0	   0	
    147       	167.07		170	0.77066	0.22934	   0	   0	   0	   0	   0	   0	   0	
    148       	167.08		170	0.77084	0.22916	   0	   0	   0	   0	   0	   0	   0	
    149       	167.1		170	0.77102	0.22898	   0	   0	   0	   0	   0	   0	   0	
    150       	167.12		170	0.77119	0.22881	   0	   0	   0	   0	   0	   0	   0	
    151       	167.14		170	0.77137	0.22863	   0	   0	   0	   0	   0	   0	   0	
    152       	167.15		170	0.77154	0.22846	   0	   0	   0	   0	   0	   0	   0	
    153       	167.17		170	0.77171	0.22829	   0	   0	   0	   0	   0	   0	   0	
    154       	167.19		170	0.77187	0.22813	   0	   0	   0	   0	   0	   0	   0	
    155       	167.2		170	0.77204	0.22796	   0	   0	   0	   0	   0	   0	   0	
    156       	167.22		170	0.7722	0.2278	   0	   0	   0	   0	   0	   0	   0	
    157       	167.24		170	0.77236	0.22764	   0	   0	   0	   0	   0	   0	   0	
    158       	167.25		170	0.77252	0.22748	   0	   0	   0	   0	   0	   0	   0	
    159       	167.27		170	0.77268	0.22732	   0	   0	   0	   0	   0	   0	   0	
    160       	167.28		170	0.77283	0.22717	   0	   0	   0	   0	   0	   0	   0	
    161       	167.3		170	0.77299	0.22701	   0	   0	   0	   0	   0	   0	   0	
    162       	167.31		170	0.77314	0.22686	   0	   0	   0	   0	   0	   0	   0	
    163       	167.33		170	0.77329	0.22671	   0	   0	   0	   0	   0	   0	   0	
    164       	167.34		170	0.77344	0.22656	   0	   0	   0	   0	   0	   0	   0	
    165       	167.36		170	0.77358	0.22642	   0	   0	   0	   0	   0	   0	   0	
    166       	167.37		170	0.77373	0.22627	   0	   0	   0	   0	   0	   0	   0	
    167       	167.39		170	0.77387	0.22613	   0	   0	   0	   0	   0	   0	   0	
    168       	167.4		170	0.77401	0.22599	   0	   0	   0	   0	   0	   0	   0	
    169       	167.41		170	0.77415	0.22585	   0	   0	   0	   0	   0	   0	   0	
    170       	167.43		170	0.77429	0.22571	   0	   0	   0	   0	   0	   0	   0	
    171       	167.44		170	0.77443	0.22557	   0	   0	   0	   0	   0	   0	   0	
    172       	167.46		170	0.77457	0.22543	   0	   0	   0	   0	   0	   0	   0	
    173       	167.47		170	0.7747	0.2253	   0	   0	   0	   0	   0	   0	   0	
    174       	167.48		170	0.77483	0.22517	   0	   0	   0	   0	   0	   0	   0	
    175       	167.5		170	0.77497	0.22503	   0	   0	   0	   0	   0	   0	   0	
    176       	167.51		170	0.7751	0.2249	   0	   0	   0	   0	   0	   0	   0	
    177       	167.52		170	0.77523	0.22477	   0	   0	   0	   0	   0	   0	   0	
    178       	167.53		170	0.77535	0.22465	   0	   0	   0	   0	   0	   0	   0	
    179       	167.55		170	0.77548	0.22452	   0	   0	   0	   0	   0	   0	   0	
    180       	167.56		170	0.77561	0.22439	   0	   0	   0	   0	   0	   0	   0	
    181       	167.57		170	0.77573	0.22427	   0	   0	   0	   0	   0	   0	   0	
    182       	167.58		170	0.77585	0.22415	   0	   0	   0	   0	   0	   0	   0	
    183       	167.6		170	0.77597	0.22403	   0	   0	   0	   0	   0	   0	   0	
    184       	167.61		170	0.77609	0.22391	   0	   0	   0	   0	   0	   0	   0	
    185       	167.62		170	0.77621	0.22379	   0	   0	   0	   0	   0	   0	   0	
    186       	167.63		170	0.77633	0.22367	   0	   0	   0	   0	   0	   0	   0	
    187       	167.64		170	0.77645	0.22355	   0	   0	   0	   0	   0	   0	   0	
    188       	167.66		170	0.77656	0.22344	   0	   0	   0	   0	   0	   0	   0	
    189       	167.67		170	0.77668	0.22332	   0	   0	   0	   0	   0	   0	   0	
    190       	167.68		170	0.77679	0.22321	   0	   0	   0	   0	   0	   0	   0	
    191       	167.69		170	0.7769	0.2231	   0	   0	   0	   0	   0	   0	   0	
    192       	167.7		170	0.77701	0.22299	   0	   0	   0	   0	   0	   0	   0	
    193       	167.71		170	0.77712	0.22288	   0	   0	   0	   0	   0	   0	   0	
    194       	167.72		170	0.77723	0.22277	   0	   0	   0	   0	   0	   0	   0	
    195       	167.73		170	0.77734	0.22266	   0	   0	   0	   0	   0	   0	   0	
    196       	167.74		170	0.77745	0.22255	   0	   0	   0	   0	   0	   0	   0	
    197       	167.75		170	0.77755	0.22245	   0	   0	   0	   0	   0	   0	   0	
    198       	167.77		170	0.77766	0.22234	   0	   0	   0	   0	   0	   0	   0	
    199       	167.78		170	0.77776	0.22224	   0	   0	   0	   0	   0	   0	   0	
    200       	167.79		170	0.77786	0.22214	   0	   0	   0	   0	   0	   0	   0	
    201       	167.8		170	0.77797	0.22203	   0	   0	   0	   0	   0	   0	   0	
    202       	167.81		170	0.77807	0.22193	   0	   0	   0	   0	   0	   0	   0	
    203       	167.82		170	0.77817	0.22183	   0	   0	   0	   0	   0	   0	   0	
    204       	167.83		170	0.77827	0.22173	   0	   0	   0	   0	   0	   0	   0	
    205       	167.84		170	0.77836	0.22164	   0	   0	   0	   0	   0	   0	   0	
    206       	167.85		170	0.77846	0.22154	   0	   0	   0	   0	   0	   0	   0	
    207       	167.86		170	0.77856	0.22144	   0	   0	   0	   0	   0	   0	   0	
    208       	167.86		170	0.77865	0.22135	   0	   0	   0	   0	   0	   0	   0	
    209       	167.87		170	0.77875	0.22125	   0	   0	   0	   0	   0	   0	   0	
    210       	167.88		170	0.77884	0.22116	   0	   0	   0	   0	   0	   0	   0	
    211       	167.89		170	0.77894	0.22106	   0	   0	   0	   0	   0	   0	   0	
    212       	167.9		170	0.77903	0.22097	   0	   0	   0	   0	   0	   0	   0	
    213       	167.91		170	0.77912	0.22088	   0	   0	   0	   0	   0	   0	   0	
    214       	167.92		170	0.77921	0.22079	   0	   0	   0	   0	   0	   0	   0	
    215       	167.93		170	0.7793	0.2207	   0	   0	   0	   0	   0	   0	   0	
    216       	167.94		170	0.77939	0.22061	   0	   0	   0	   0	   0	   0	   0	
    217       	167.95		170	0.77948	0.22052	   0	   0	   0	   0	   0	   0	   0	
    218       	167.96		170	0.77957	0.22043	   0	   0	   0	   0	   0	   0	   0	
    219       	167.96		170	0.77965	0.22035	   0	   0	   0	   0	   0	   0	   0	
    220       	167.97		170	0.77974	0.22026	   0	   0	   0	   0	   0	   0	   0	
    221       	167.98		170	0.77982	0.22018	   0	   0	   0	   0	   0	   0	   0	
    222       	167.99		170	0.77991	0.22009	   0	   0	   0	   0	   0	   0	   0	
    223       	168		170	0.77999	0.22001	   0	   0	   0	   0	   0	   0	   0	
    224       	168.01		170	0.78008	0.21992	   0	   0	   0	   0	   0	   0	   0	
    225       	168.02		170	0.78016	0.21984	   0	   0	   0	   0	   0	   0	   0	
    226       	168.02		170	0.78024	0.21976	   0	   0	   0	   0	   0	   0	   0	
    227       	168.03		170	0.78032	0.21968	   0	   0	   0	   0	   0	   0	   0	
    228       	168.04		170	0.7804	0.2196	   0	   0	   0	   0	   0	   0	   0	
    229       	168.05		170	0.78048	0.21952	   0	   0	   0	   0	   0	   0	   0	
    230       	168.06		170	0.78056	0.21944	   0	   0	   0	   0	   0	   0	   0	
    231       	168.06		170	0.78064	0.21936	   0	   0	   0	   0	   0	   0	   0	
    232       	168.07		170	0.78072	0.21928	   0	   0	   0	   0	   0	   0	   0	
    233       	168.08		170	0.7808	0.2192	   0	   0	   0	   0	   0	   0	   0	
    234       	168.09		170	0.78087	0.21913	   0	   0	   0	   0	   0	   0	   0	
    235       	168.09		170	0.78095	0.21905	   0	   0	   0	   0	   0	   0	   0	
    236       	168.1		170	0.78102	0.21898	   0	   0	   0	   0	   0	   0	   0	
    237       	168.11		170	0.7811	0.2189	   0	   0	   0	   0	   0	   0	   0	
    238       	168.12		170	0.78117	0.21883	   0	   0	   0	   0	   0	   0	   0	
    239       	168.12		170	0.78125	0.21875	   0	   0	   0	   0	   0	   0	   0	
    240       	168.13		170	0.78132	0.21868	   0	   0	   0	   0	   0	   0	   0	
    241       	168.14		170	0.78139	0.21861	   0	   0	   0	   0	   0	   0	   0	
    242       	168.15		170	0.78147	0.21853	   0	   0	   0	   0	   0	   0	   0	
    243       	168.15		170	0.78154	0.21846	   0	   0	   0	   0	   0	   0	   0	
    244       	168.16		170	0.78161	0.21839	   0	   0	   0	   0	   0	   0	   0	
    245       	168.17		170	0.78168	0.21832	   0	   0	   0	   0	   0	   0	   0	
    246       	168.17		170	0.78175	0.21825	   0	   0	   0	   0	   0	   0	   0	
    247       	168.18		170	0.78182	0.21818	   0	   0	   0	   0	   0	   0	   0	
    248       	168.19		170	0.78189	0.21811	   0	   0	   0	   0	   0	   0	   0	
    249       	168.2		170	0.78195	0.21805	   0	   0	   0	   0	   0	   0	   0	
    250       	168.2		170	0.78202	0.21798	   0	   0	   0	   0	   0	   0	   0	
    251       	168.21		170	0.78209	0.21791	   0	   0	   0	   0	   0	   0	   0	
    252       	168.22		170	0.78216	0.21784	   0	   0	   0	   0	   0	   0	   0	
    253       	168.22		170	0.78222	0.21778	   0	   0	   0	   0	   0	   0	   0	
    254       	168.23		170	0.78229	0.21771	   0	   0	   0	   0	   0	   0	   0	
    255       	168.23		170	0.78235	0.21765	   0	   0	   0	   0	   0	   0	   0	
    256       	168.24		170	0.78242	0.21758	   0	   0	   0	   0	   0	   0	   0	
    257       	168.25		170	0.78248	0.21752	   0	   0	   0	   0	   0	   0	   0	
    258       	168.25		170	0.78255	0.21745	   0	   0	   0	   0	   0	   0	   0	
    259       	168.26		170	0.78261	0.21739	   0	   0	   0	   0	   0	   0	   0	
    260       	168.27		170	0.78267	0.21733	   0	   0	   0	   0	   0	   0	   0	
    261       	168.27		170	0.78274	0.21726	   0	   0	   0	   0	   0	   0	   0	
    262       	168.28		170	0.7828	0.2172	   0	   0	   0	   0	   0	   0	   0	
    263       	168.29		170	0.78286	0.21714	   0	   0	   0	   0	   0	   0	   0	
    264       	168.29		170	0.78292	0.21708	   0	   0	   0	   0	   0	   0	   0	
    265       	168.3		170	0.78298	0.21702	   0	   0	   0	   0	   0	   0	   0	
    266       	168.3		170	0.78304	0.21696	   0	   0	   0	   0	   0	   0	   0	
    267       	168.31		170	0.7831	0.2169	   0	   0	   0	   0	   0	   0	   0	
    268       	168.32		170	0.78316	0.21684	   0	   0	   0	   0	   0	   0	   0	
    269       	168.32		170	0.78322	0.21678	   0	   0	   0	   0	   0	   0	   0	
    270       	168.33		170	0.78328	0.21672	   0	   0	   0	   0	   0	   0	   0	
    271       	168.33		170	0.78334	0.21666	   0	   0	   0	   0	   0	   0	   0	
    272       	168.34		170	0.78339	0.21661	   0	   0	   0	   0	   0	   0	   0	
    273       	168.34		170	0.78345	0.21655	   0	   0	   0	   0	   0	   0	   0	
    274       	168.35		170	0.78351	0.21649	   0	   0	   0	   0	   0	   0	   0	
    275       	168.36		170	0.78357	0.21643	   0	   0	   0	   0	   0	   0	   0	
    276       	168.36		170	0.78362	0.21638	   0	   0	   0	   0	   0	   0	   0	
    277       	168.37		170	0.78368	0.21632	   0	   0	   0	   0	   0	   0	   0	
    278       	168.37		170	0.78373	0.21627	   0	   0	   0	   0	   0	   0	   0	
    279       	168.38		170	0.78379	0.21621	   0	   0	   0	   0	   0	   0	   0	
    280       	168.38		170	0.78384	0.21616	   0	   0	   0	   0	   0	   0	   0	
    281       	168.39		170	0.7839	0.2161	   0	   0	   0	   0	   0	   0	   0	
    282       	168.39		170	0.78395	0.21605	   0	   0	   0	   0	   0	   0	   0	
    283       	168.4		170	0.784	0.216	   0	   0	   0	   0	   0	   0	   0	
    284       	168.41		170	0.78406	0.21594	   0	   0	   0	   0	   0	   0	   0	
    285       	168.41		170	0.78411	0.21589	   0	   0	   0	   0	   0	   0	   0	
    286       	168.42		170	0.78416	0.21584	   0	   0	   0	   0	   0	   0	   0	
    287       	168.42		170	0.78422	0.21578	   0	   0	   0	   0	   0	   0	   0	
    288       	168.43		170	0.78427	0.21573	   0	   0	   0	   0	   0	   0	   0	
    289       	168.43		170	0.78432	0.21568	   0	   0	   0	   0	   0	   0	   0	
    290       	168.44		170	0.78437	0.21563	   0	   0	   0	   0	   0	   0	   0	
    291       	168.44		170	0.78442	0.21558	   0	   0	   0	   0	   0	   0	   0	
    292       	168.45		170	0.78447	0.21553	   0	   0	   0	   0	   0	   0	   0	
    293       	168.45		170	0.78452	0.21548	   0	   0	   0	   0	   0	   0	   0	
    294       	168.46		170	0.78457	0.21543	   0	   0	   0	   0	   0	   0	   0	
    295       	168.46		170	0.78462	0.21538	   0	   0	   0	   0	   0	   0	   0	
    296       	168.47		170	0.78467	0.21533	   0	   0	   0	   0	   0	   0	   0	
    297       	168.47		170	0.78472	0.21528	   0	   0	   0	   0	   0	   0	   0	
    298       	168.48		170	0.78477	0.21523	   0	   0	   0	   0	   0	   0	   0	
    299       	168.48		170	0.78482	0.21518	   0	   0	   0	   0	   0	   0	   0	
    300       	168.49		170	0.78486	0.21514	   0	   0	   0	   0	   0	   0	   0	
    301       	168.49		170	0.78491	0.21509	   0	   0	   0	   0	   0	   0	   0	
    302       	168.5		170	0.78496	0.21504	   0	   0	   0	   0	   0	   0	   0	
    303       	168.5		170	0.78501	0.21499	   0	   0	   0	   0	   0	   0	   0	
    304       	168.5		170	0.78505	0.21495	   0	   0	   0	   0	   0	   0	   0	
    305       	168.51		170	0.7851	0.2149	   0	   0	   0	   0	   0	   0	   0	
    306       	168.51		170	0.78515	0.21485	   0	   0	   0	   0	   0	   0	   0	
    307       	168.52		170	0.78519	0.21481	   0	   0	   0	   0	   0	   0	   0	
    308       	168.52		170	0.78524	0.21476	   0	   0	   0	   0	   0	   0	   0	
    309       	168.53		170	0.78528	0.21472	   0	   0	   0	   0	   0	   0	   0	
    310       	168.53		170	0.78533	0.21467	   0	   0	   0	   0	   0	   0	   0	
    311       	168.54		170	0.78537	0.21463	   0	   0	   0	   0	   0	   0	   0	
    312       	168.54		170	0.78542	0.21458	   0	   0	   0	   0	   0	   0	   0	
    313       	168.55		170	0.78546	0.21454	   0	   0	   0	   0	   0	   0	   0	
    314       	168.55		170	0.78551	0.21449	   0	   0	   0	   0	   0	   0	   0	
    315       	168.55		170	0.78555	0.21445	   0	   0	   0	   0	   0	   0	   0	
    316       	168.56		170	0.78559	0.21441	   0	   0	   0	   0	   0	   0	   0	
    317       	168.56		170	0.78564	0.21436	   0	   0	   0	   0	   0	   0	   0	
    318       	168.57		170	0.78568	0.21432	   0	   0	   0	   0	   0	   0	   0	
    319       	168.57		170	0.78572	0.21428	   0	   0	   0	   0	   0	   0	   0	
    320       	168.58		170	0.78576	0.21424	   0	   0	   0	   0	   0	   0	   0	
    321       	168.58		170	0.78581	0.21419	   0	   0	   0	   0	   0	   0	   0	
    322       	168.58		170	0.78585	0.21415	   0	   0	   0	   0	   0	   0	   0	
    323       	168.59		170	0.78589	0.21411	   0	   0	   0	   0	   0	   0	   0	
    324       	168.59		170	0.78593	0.21407	   0	   0	   0	   0	   0	   0	   0	
    325       	168.6		170	0.78597	0.21403	   0	   0	   0	   0	   0	   0	   0	
    326       	168.6		170	0.78601	0.21399	   0	   0	   0	   0	   0	   0	   0	
    327       	168.61		170	0.78605	0.21395	   0	   0	   0	   0	   0	   0	   0	
    328       	168.61		170	0.7861	0.2139	   0	   0	   0	   0	   0	   0	   0	
    329       	168.61		170	0.78614	0.21386	   0	   0	   0	   0	   0	   0	   0	
    330       	168.62		170	0.78618	0.21382	   0	   0	   0	   0	   0	   0	   0	
    331       	168.62		170	0.78622	0.21378	   0	   0	   0	   0	   0	   0	   0	
    332       	168.63		170	0.78625	0.21375	   0	   0	   0	   0	   0	   0	   0	
    333       	168.63		170	0.78629	0.21371	   0	   0	   0	   0	   0	   0	   0	
    334       	168.63		170	0.78633	0.21367	   0	   0	   0	   0	   0	   0	   0	
    335       	168.64		170	0.78637	0.21363	   0	   0	   0	   0	   0	   0	   0	
    336       	168.64		170	0.78641	0.21359	   0	   0	   0	   0	   0	   0	   0	
    337       	168.64		170	0.78645	0.21355	   0	   0	   0	   0	   0	   0	   0	
    338       	168.65		170	0.78649	0.21351	   0	   0	   0	   0	   0	   0	   0	
    339       	168.65		170	0.78653	0.21347	   0	   0	   0	   0	   0	   0	   0	
    340       	168.66		170	0.78656	0.21344	   0	   0	   0	   0	   0	   0	   0	
    341       	168.66		170	0.7866	0.2134	   0	   0	   0	   0	   0	   0	   0	
    342       	168.66		170	0.78664	0.21336	   0	   0	   0	   0	   0	   0	   0	
    343       	168.67		170	0.78668	0.21332	   0	   0	   0	   0	   0	   0	   0	
    344       	168.67		170	0.78671	0.21329	   0	   0	   0	   0	   0	   0	   0	
    345       	168.67		170	0.78675	0.21325	   0	   0	   0	   0	   0	   0	   0	
    346       	168.68		170	0.78679	0.21321	   0	   0	   0	   0	   0	   0	   0	
    347       	168.68		170	0.78682	0.21318	   0	   0	   0	   0	   0	   0	   0	
    348       	168.69		170	0.78686	0.21314	   0	   0	   0	   0	   0	   0	   0	
    349       	168.69		170	0.78689	0.21311	   0	   0	   0	   0	   0	   0	   0	
    350       	168.69		170	0.78693	0.21307	   0	   0	   0	   0	   0	   0	   0	
    351       	168.7		170	0.78697	0.21303	   0	   0	   0	   0	   0	   0	   0	
    352       	168.7		170	0.787	0.213	   0	   0	   0	   0	   0	   0	   0	
    353       	168.7		170	0.78704	0.21296	   0	   0	   0	   0	   0	   0	   0	
    354       	168.71		170	0.78707	0.21293	   0	   0	   0	   0	   0	   0	   0	
    355       	168.71		170	0.78711	0.21289	   0	   0	   0	   0	   0	   0	   0	
    356       	168.71		170	0.78714	0.21286	   0	   0	   0	   0	   0	   0	   0	
    357       	168.72		170	0.78718	0.21282	   0	   0	   0	   0	   0	   0	   0	
    358       	168.72		170	0.78721	0.21279	   0	   0	   0	   0	   0	   0	   0	
    359       	168.72		170	0.78724	0.21276	   0	   0	   0	   0	   0	   0	   0	
    360       	168.73		170	0.78728	0.21272	   0	   0	   0	   0	   0	   0	   0	
    361       	168.73		170	0.78731	0.21269	   0	   0	   0	   0	   0	   0	   0	
    362       	168.73		170	0.78734	0.21266	   0	   0	   0	   0	   0	   0	   0	
    363       	168.74		170	0.78738	0.21262	   0	   0	   0	   0	   0	   0	   0	
    364       	168.74		170	0.78741	0.21259	   0	   0	   0	   0	   0	   0	   0	
    365       	168.74		170	0.78744	0.21256	   0	   0	   0	   0	   0	   0	   0	
    366       	168.75		170	0.78748	0.21252	   0	   0	   0	   0	   0	   0	   0	
    367       	168.75		170	0.78751	0.21249	   0	   0	   0	   0	   0	   0	   0	
    368       	168.75		170	0.78754	0.21246	   0	   0	   0	   0	   0	   0	   0	
    369       	168.76		170	0.78757	0.21243	   0	   0	   0	   0	   0	   0	   0	
    370       	168.76		170	0.78761	0.21239	   0	   0	   0	   0	   0	   0	   0	
    371       	168.76		170	0.78764	0.21236	   0	   0	   0	   0	   0	   0	   0	
    372       	168.77		170	0.78767	0.21233	   0	   0	   0	   0	   0	   0	   0	
    373       	168.77		170	0.7877	0.2123	   0	   0	   0	   0	   0	   0	   0	
    374       	168.77		170	0.78773	0.21227	   0	   0	   0	   0	   0	   0	   0	
    375       	168.78		170	0.78776	0.21224	   0	   0	   0	   0	   0	   0	   0	
    376       	168.78		170	0.7878	0.2122	   0	   0	   0	   0	   0	   0	   0	
    377       	168.78		170	0.78783	0.21217	   0	   0	   0	   0	   0	   0	   0	
    378       	168.79		170	0.78786	0.21214	   0	   0	   0	   0	   0	   0	   0	
    379       	168.79		170	0.78789	0.21211	   0	   0	   0	   0	   0	   0	   0	
    380       	168.79		170	0.78792	0.21208	   0	   0	   0	   0	   0	   0	   0	
    381       	168.79		170	0.78795	0.21205	   0	   0	   0	   0	   0	   0	   0	
    382       	168.8		170	0.78798	0.21202	   0	   0	   0	   0	   0	   0	   0	
    383       	168.8		170	0.78801	0.21199	   0	   0	   0	   0	   0	   0	   0	
    384       	168.8		170	0.78804	0.21196	   0	   0	   0	   0	   0	   0	   0	
    385       	168.81		170	0.78807	0.21193	   0	   0	   0	   0	   0	   0	   0	
    386       	168.81		170	0.7881	0.2119	   0	   0	   0	   0	   0	   0	   0	
    387       	168.81		170	0.78813	0.21187	   0	   0	   0	   0	   0	   0	   0	
    388       	168.82		170	0.78816	0.21184	   0	   0	   0	   0	   0	   0	   0	
    389       	168.82		170	0.78819	0.21181	   0	   0	   0	   0	   0	   0	   0	
    390       	168.82		170	0.78822	0.21178	   0	   0	   0	   0	   0	   0	   0	
    391       	168.82		170	0.78825	0.21175	   0	   0	   0	   0	   0	   0	   0	
    392       	168.83		170	0.78827	0.21173	   0	   0	   0	   0	   0	   0	   0	
    393       	168.83		170	0.7883	0.2117	   0	   0	   0	   0	   0	   0	   0	
    394       	168.83		170	0.78833	0.21167	   0	   0	   0	   0	   0	   0	   0	
    395       	168.84		170	0.78836	0.21164	   0	   0	   0	   0	   0	   0	   0	
    396       	168.84		170	0.78839	0.21161	   0	   0	   0	   0	   0	   0	   0	
    397       	168.84		170	0.78842	0.21158	   0	   0	   0	   0	   0	   0	   0	
    398       	168.84		170	0.78844	0.21156	   0	   0	   0	   0	   0	   0	   0	
    399       	168.85		170	0.78847	0.21153	   0	   0	   0	   0	   0	   0	   0	
    400       	168.85		170	0.7885	0.2115	   0	   0	   0	   0	   0	   0	   0	
    401       	168.85		170	0.78853	0.21147	   0	   0	   0	   0	   0	   0	   0	
    402       	168.86		170	0.78855	0.21145	   0	   0	   0	   0	   0	   0	   0	
    403       	168.86		170	0.78858	0.21142	   0	   0	   0	   0	   0	   0	   0	
    404       	168.86		170	0.78861	0.21139	   0	   0	   0	   0	   0	   0	   0	
    405       	168.86		170	0.78864	0.21136	   0	   0	   0	   0	   0	   0	   0	
    406       	168.87		170	0.78866	0.21134	   0	   0	   0	   0	   0	   0	   0	
    407       	168.87		170	0.78869	0.21131	   0	   0	   0	   0	   0	   0	   0	
    408       	168.87		170	0.78872	0.21128	   0	   0	   0	   0	   0	   0	   0	
    409       	168.87		170	0.78874	0.21126	   0	   0	   0	   0	   0	   0	   0	
    410       	168.88		170	0.78877	0.21123	   0	   0	   0	   0	   0	   0	   0	
    411       	168.88		170	0.7888	0.2112	   0	   0	   0	   0	   0	   0	   0	
    412       	168.88		170	0.78882	0.21118	   0	   0	   0	   0	   0	   0	   0	
    413       	168.88		170	0.78885	0.21115	   0	   0	   0	   0	   0	   0	   0	
    414       	168.89		170	0.78887	0.21113	   0	   0	   0	   0	   0	   0	   0	
    415       	168.89		170	0.7889	0.2111	   0	   0	   0	   0	   0	   0	   0	
    416       	168.89		170	0.78892	0.21108	   0	   0	   0	   0	   0	   0	   0	
    417       	168.89		170	0.78895	0.21105	   0	   0	   0	   0	   0	   0	   0	
    418       	168.9		170	0.78898	0.21102	   0	   0	   0	   0	   0	   0	   0	
    419       	168.9		170	0.789	0.211	   0	   0	   0	   0	   0	   0	   0	
    420       	168.9		170	0.78903	0.21097	   0	   0	   0	   0	   0	   0	   0	
    421       	168.9		170	0.78905	0.21095	   0	   0	   0	   0	   0	   0	   0	
    422       	168.91		170	0.78908	0.21092	   0	   0	   0	   0	   0	   0	   0	
    423       	168.91		170	0.7891	0.2109	   0	   0	   0	   0	   0	   0	   0	
    424       	168.91		170	0.78913	0.21087	   0	   0	   0	   0	   0	   0	   0	
    425       	168.91		170	0.78915	0.21085	   0	   0	   0	   0	   0	   0	   0	
    426       	168.92		170	0.78918	0.21082	   0	   0	   0	   0	   0	   0	   0	
    427       	168.92		170	0.7892	0.2108	   0	   0	   0	   0	   0	   0	   0	
    428       	168.92		170	0.78922	0.21078	   0	   0	   0	   0	   0	   0	   0	
    429       	168.92		170	0.78925	0.21075	   0	   0	   0	   0	   0	   0	   0	
    430       	168.93		170	0.78927	0.21073	   0	   0	   0	   0	   0	   0	   0	
    431       	168.93		170	0.7893	0.2107	   0	   0	   0	   0	   0	   0	   0	
    432       	168.93		170	0.78932	0.21068	   0	   0	   0	   0	   0	   0	   0	
    433       	168.93		170	0.78934	0.21066	   0	   0	   0	   0	   0	   0	   0	
    434       	168.94		170	0.78937	0.21063	   0	   0	   0	   0	   0	   0	   0	
    435       	168.94		170	0.78939	0.21061	   0	   0	   0	   0	   0	   0	   0	
    436       	168.94		170	0.78941	0.21059	   0	   0	   0	   0	   0	   0	   0	
    437       	168.94		170	0.78944	0.21056	   0	   0	   0	   0	   0	   0	   0	
    438       	168.95		170	0.78946	0.21054	   0	   0	   0	   0	   0	   0	   0	
    439       	168.95		170	0.78948	0.21052	   0	   0	   0	   0	   0	   0	   0	
    440       	168.95		170	0.78951	0.21049	   0	   0	   0	   0	   0	   0	   0	
    441       	168.95		170	0.78953	0.21047	   0	   0	   0	   0	   0	   0	   0	
    442       	168.96		170	0.78955	0.21045	   0	   0	   0	   0	   0	   0	   0	
    443       	168.96		170	0.78958	0.21042	   0	   0	   0	   0	   0	   0	   0	
    444       	168.96		170	0.7896	0.2104	   0	   0	   0	   0	   0	   0	   0	
    445       	168.96		170	0.78962	0.21038	   0	   0	   0	   0	   0	   0	   0	
    446       	168.96		170	0.78964	0.21036	   0	   0	   0	   0	   0	   0	   0	
    447       	168.97		170	0.78967	0.21033	   0	   0	   0	   0	   0	   0	   0	
    448       	168.97		170	0.78969	0.21031	   0	   0	   0	   0	   0	   0	   0	
    449       	168.97		170	0.78971	0.21029	   0	   0	   0	   0	   0	   0	   0	
    450       	168.97		170	0.78973	0.21027	   0	   0	   0	   0	   0	   0	   0	
    451       	168.98		170	0.78975	0.21025	   0	   0	   0	   0	   0	   0	   0	
    452       	168.98		170	0.78978	0.21022	   0	   0	   0	   0	   0	   0	   0	
    453       	168.98		170	0.7898	0.2102	   0	   0	   0	   0	   0	   0	   0	
    454       	168.98		170	0.78982	0.21018	   0	   0	   0	   0	   0	   0	   0	
    455       	168.98		170	0.78984	0.21016	   0	   0	   0	   0	   0	   0	   0	
    456       	168.99		170	0.78986	0.21014	   0	   0	   0	   0	   0	   0	   0	
    457       	168.99		170	0.78988	0.21012	   0	   0	   0	   0	   0	   0	   0	
    458       	168.99		170	0.78991	0.21009	   0	   0	   0	   0	   0	   0	   0	
    459       	168.99		170	0.78993	0.21007	   0	   0	   0	   0	   0	   0	   0	
    460       	168.99		170	0.78995	0.21005	   0	   0	   0	   0	   0	   0	   0	
    461       	169		170	0.78997	0.21003	   0	   0	   0	   0	   0	   0	   0	
    462       	169		170	0.78999	0.21001	   0	   0	   0	   0	   0	   0	   0	
    463       	169		170	0.79001	0.20999	   0	   0	   0	   0	   0	   0	   0	
    464       	169		170	0.79003	0.20997	   0	   0	   0	   0	   0	   0	   0	
    465       	169		170	0.79005	0.20995	   0	   0	   0	   0	   0	   0	   0	
    466       	169.01		170	0.79007	0.20993	   0	   0	   0	   0	   0	   0	   0	
    467       	169.01		170	0.79009	0.20991	   0	   0	   0	   0	   0	   0	   0	
    468       	169.01		170	0.79011	0.20989	   0	   0	   0	   0	   0	   0	   0	
    469       	169.01		170	0.79013	0.20987	   0	   0	   0	   0	   0	   0	   0	
    470       	169.02		170	0.79015	0.20985	   0	   0	   0	   0	   0	   0	   0	
    471       	169.02		170	0.79017	0.20983	   0	   0	   0	   0	   0	   0	   0	
    472       	169.02		170	0.79019	0.20981	   0	   0	   0	   0	   0	   0	   0	
    473       	169.02		170	0.79021	0.20979	   0	   0	   0	   0	   0	   0	   0	
    474       	169.02		170	0.79023	0.20977	   0	   0	   0	   0	   0	   0	   0	
    475       	169.03		170	0.79025	0.20975	   0	   0	   0	   0	   0	   0	   0	
    476       	169.03		170	0.79027	0.20973	   0	   0	   0	   0	   0	   0	   0	
    477       	169.03		170	0.79029	0.20971	   0	   0	   0	   0	   0	   0	   0	
    478       	169.03		170	0.79031	0.20969	   0	   0	   0	   0	   0	   0	   0	
    479       	169.03		170	0.79033	0.20967	   0	   0	   0	   0	   0	   0	   0	
    480       	169.03		170	0.79035	0.20965	   0	   0	   0	   0	   0	   0	   0	
    481       	169.04		170	0.79037	0.20963	   0	   0	   0	   0	   0	   0	   0	
    482       	169.04		170	0.79039	0.20961	   0	   0	   0	   0	   0	   0	   0	
    483       	169.04		170	0.79041	0.20959	   0	   0	   0	   0	   0	   0	   0	
    484       	169.04		170	0.79043	0.20957	   0	   0	   0	   0	   0	   0	   0	
    485       	169.04		170	0.79045	0.20955	   0	   0	   0	   0	   0	   0	   0	
    486       	169.05		170	0.79047	0.20953	   0	   0	   0	   0	   0	   0	   0	
    487       	169.05		170	0.79049	0.20951	   0	   0	   0	   0	   0	   0	   0	
    488       	169.05		170	0.79051	0.20949	   0	   0	   0	   0	   0	   0	   0	
    489       	169.05		170	0.79052	0.20948	   0	   0	   0	   0	   0	   0	   0	
    490       	169.05		170	0.79054	0.20946	   0	   0	   0	   0	   0	   0	   0	
    491       	169.06		170	0.79056	0.20944	   0	   0	   0	   0	   0	   0	   0	
    492       	169.06		170	0.79058	0.20942	   0	   0	   0	   0	   0	   0	   0	
    493       	169.06		170	0.7906	0.2094	   0	   0	   0	   0	   0	   0	   0	
    494       	169.06		170	0.79062	0.20938	   0	   0	   0	   0	   0	   0	   0	
    495       	169.06		170	0.79064	0.20936	   0	   0	   0	   0	   0	   0	   0	
    496       	169.07		170	0.79065	0.20935	   0	   0	   0	   0	   0	   0	   0	
    497       	169.07		170	0.79067	0.20933	   0	   0	   0	   0	   0	   0	   0	
    498       	169.07		170	0.79069	0.20931	   0	   0	   0	   0	   0	   0	   0	
    499       	169.07		170	0.79071	0.20929	   0	   0	   0	   0	   0	   0	   0	
    500       	169.07		170	0.79073	0.20927	   0	   0	   0	   0	   0	   0	   0	
    501       	169.07		170	0.79074	0.20926	   0	   0	   0	   0	   0	   0	   0	
    502       	169.08		170	0.79076	0.20924	   0	   0	   0	   0	   0	   0	   0	
    503       	169.08		170	0.79078	0.20922	   0	   0	   0	   0	   0	   0	   0	
    504       	169.08		170	0.7908	0.2092	   0	   0	   0	   0	   0	   0	   0	
    505       	169.08		170	0.79081	0.20919	   0	   0	   0	   0	   0	   0	   0	
    506       	169.08		170	0.79083	0.20917	   0	   0	   0	   0	   0	   0	   0	
    507       	169.08		170	0.79085	0.20915	   0	   0	   0	   0	   0	   0	   0	
    508       	169.09		170	0.79087	0.20913	   0	   0	   0	   0	   0	   0	   0	
    509       	169.09		170	0.79088	0.20912	   0	   0	   0	   0	   0	   0	   0	
    510       	169.09		170	0.7909	0.2091	   0	   0	   0	   0	   0	   0	   0	
    511       	169.09		170	0.79092	0.20908	   0	   0	   0	   0	   0	   0	   0	
    512       	169.09		170	0.79094	0.20906	   0	   0	   0	   0	   0	   0	   0	
    513       	169.1		170	0.79095	0.20905	   0	   0	   0	   0	   0	   0	   0	
    514       	169.1		170	0.79097	0.20903	   0	   0	   0	   0	   0	   0	   0	
    515       	169.1		170	0.79099	0.20901	   0	   0	   0	   0	   0	   0	   0	
    516       	169.1		170	0.791	0.209	   0	   0	   0	   0	   0	   0	   0	
    517       	169.1		170	0.79102	0.20898	   0	   0	   0	   0	   0	   0	   0	
    518       	169.1		170	0.79104	0.20896	   0	   0	   0	   0	   0	   0	   0	
    519       	169.11		170	0.79106	0.20894	   0	   0	   0	   0	   0	   0	   0	
    520       	169.11		170	0.79107	0.20893	   0	   0	   0	   0	   0	   0	   0	
    521       	169.11		170	0.79109	0.20891	   0	   0	   0	   0	   0	   0	   0	
    522       	169.11		170	0.7911	0.2089	   0	   0	   0	   0	   0	   0	   0	
    523       	169.11		170	0.79112	0.20888	   0	   0	   0	   0	   0	   0	   0	
    524       	169.11		170	0.79114	0.20886	   0	   0	   0	   0	   0	   0	   0	
    525       	169.12		170	0.79115	0.20885	   0	   0	   0	   0	   0	   0	   0	
    526       	169.12		170	0.79117	0.20883	   0	   0	   0	   0	   0	   0	   0	
    527       	169.12		170	0.79119	0.20881	   0	   0	   0	   0	   0	   0	   0	
    528       	169.12		170	0.7912	0.2088	   0	   0	   0	   0	   0	   0	   0	
    529       	169.12		170	0.79122	0.20878	   0	   0	   0	   0	   0	   0	   0	
    530       	169.12		170	0.79124	0.20876	   0	   0	   0	   0	   0	   0	   0	
    531       	169.12		170	0.79125	0.20875	   0	   0	   0	   0	   0	   0	   0	
    532       	169.13		170	0.79127	0.20873	   0	   0	   0	   0	   0	   0	   0	
    533       	169.13		170	0.79128	0.20872	   0	   0	   0	   0	   0	   0	   0	
    534       	169.13		170	0.7913	0.2087	   0	   0	   0	   0	   0	   0	   0	
    535       	169.13		170	0.79131	0.20869	   0	   0	   0	   0	   0	   0	   0	
    536       	169.13		170	0.79133	0.20867	   0	   0	   0	   0	   0	   0	   0	
    537       	169.13		170	0.79135	0.20865	   0	   0	   0	   0	   0	   0	   0	
    538       	169.14		170	0.79136	0.20864	   0	   0	   0	   0	   0	   0	   0	
    539       	169.14		170	0.79138	0.20862	   0	   0	   0	   0	   0	   0	   0	
    540       	169.14		170	0.79139	0.20861	   0	   0	   0	   0	   0	   0	   0	
    541       	169.14		170	0.79141	0.20859	   0	   0	   0	   0	   0	   0	   0	
    542       	169.14		170	0.79142	0.20858	   0	   0	   0	   0	   0	   0	   0	
    543       	169.14		170	0.79144	0.20856	   0	   0	   0	   0	   0	   0	   0	
    544       	169.15		170	0.79145	0.20855	   0	   0	   0	   0	   0	   0	   0	
    545       	169.15		170	0.79147	0.20853	   0	   0	   0	   0	   0	   0	   0	
    546       	169.15		170	0.79148	0.20852	   0	   0	   0	   0	   0	   0	   0	
    547       	169.15		170	0.7915	0.2085	   0	   0	   0	   0	   0	   0	   0	
    548       	169.15		170	0.79151	0.20849	   0	   0	   0	   0	   0	   0	   0	
    549       	169.15		170	0.79153	0.20847	   0	   0	   0	   0	   0	   0	   0	
    550       	169.15		170	0.79154	0.20846	   0	   0	   0	   0	   0	   0	   0	
    551       	169.16		170	0.79156	0.20844	   0	   0	   0	   0	   0	   0	   0	
    552       	169.16		170	0.79157	0.20843	   0	   0	   0	   0	   0	   0	   0	
    553       	169.16		170	0.79159	0.20841	   0	   0	   0	   0	   0	   0	   0	
    554       	169.16		170	0.7916	0.2084	   0	   0	   0	   0	   0	   0	   0	
    555       	169.16		170	0.79162	0.20838	   0	   0	   0	   0	   0	   0	   0	
    556       	169.16		170	0.79163	0.20837	   0	   0	   0	   0	   0	   0	   0	
    557       	169.16		170	0.79165	0.20835	   0	   0	   0	   0	   0	   0	   0	
    558       	169.17		170	0.79166	0.20834	   0	   0	   0	   0	   0	   0	   0	
    559       	169.17		170	0.79168	0.20832	   0	   0	   0	   0	   0	   0	   0	
    560       	169.17		170	0.79169	0.20831	   0	   0	   0	   0	   0	   0	   0	
    561       	169.17		170	0.79171	0.20829	   0	   0	   0	   0	   0	   0	   0	
    562       	169.17		170	0.79172	0.20828	   0	   0	   0	   0	   0	   0	   0	
    563       	169.17		170	0.79173	0.20827	   0	   0	   0	   0	   0	   0	   0	
    564       	169.17		170	0.79175	0.20825	   0	   0	   0	   0	   0	   0	   0	
    565       	169.18		170	0.79176	0.20824	   0	   0	   0	   0	   0	   0	   0	
    566       	169.18		170	0.79178	0.20822	   0	   0	   0	   0	   0	   0	   0	
    567       	169.18		170	0.79179	0.20821	   0	   0	   0	   0	   0	   0	   0	
    568       	169.18		170	0.7918	0.2082	   0	   0	   0	   0	   0	   0	   0	
    569       	169.18		170	0.79182	0.20818	   0	   0	   0	   0	   0	   0	   0	
    570       	169.18		170	0.79183	0.20817	   0	   0	   0	   0	   0	   0	   0	
    571       	169.18		170	0.79185	0.20815	   0	   0	   0	   0	   0	   0	   0	
    572       	169.19		170	0.79186	0.20814	   0	   0	   0	   0	   0	   0	   0	
    573       	169.19		170	0.79187	0.20813	   0	   0	   0	   0	   0	   0	   0	
    574       	169.19		170	0.79189	0.20811	   0	   0	   0	   0	   0	   0	   0	
    575       	169.19		170	0.7919	0.2081	   0	   0	   0	   0	   0	   0	   0	
    576       	169.19		170	0.79192	0.20808	   0	   0	   0	   0	   0	   0	   0	
    577       	169.19		170	0.79193	0.20807	   0	   0	   0	   0	   0	   0	   0	
    578       	169.19		170	0.79194	0.20806	   0	   0	   0	   0	   0	   0	   0	
    579       	169.2		170	0.79196	0.20804	   0	   0	   0	   0	   0	   0	   0	
    580       	169.2		170	0.79197	0.20803	   0	   0	   0	   0	   0	   0	   0	
    581       	169.2		170	0.79198	0.20802	   0	   0	   0	   0	   0	   0	   0	
    582       	169.2		170	0.792	0.208	   0	   0	   0	   0	   0	   0	   0	
    583       	169.2		170	0.79201	0.20799	   0	   0	   0	   0	   0	   0	   0	
    584       	169.2		170	0.79202	0.20798	   0	   0	   0	   0	   0	   0	   0	
    585       	169.2		170	0.79204	0.20796	   0	   0	   0	   0	   0	   0	   0	
    586       	169.2		170	0.79205	0.20795	   0	   0	   0	   0	   0	   0	   0	
    587       	169.21		170	0.79206	0.20794	   0	   0	   0	   0	   0	   0	   0	
    588       	169.21		170	0.79208	0.20792	   0	   0	   0	   0	   0	   0	   0	
    589       	169.21		170	0.79209	0.20791	   0	   0	   0	   0	   0	   0	   0	
    590       	169.21		170	0.7921	0.2079	   0	   0	   0	   0	   0	   0	   0	
    591       	169.21		170	0.79212	0.20788	   0	   0	   0	   0	   0	   0	   0	
    592       	169.21		170	0.79213	0.20787	   0	   0	   0	   0	   0	   0	   0	
    593       	169.21		170	0.79214	0.20786	   0	   0	   0	   0	   0	   0	   0	
    594       	169.22		170	0.79215	0.20785	   0	   0	   0	   0	   0	   0	   0	
    595       	169.22		170	0.79217	0.20783	   0	   0	   0	   0	   0	   0	   0	
    596       	169.22		170	0.79218	0.20782	   0	   0	   0	   0	   0	   0	   0	
    597       	169.22		170	0.79219	0.20781	   0	   0	   0	   0	   0	   0	   0	
    598       	169.22		170	0.7922	0.2078	   0	   0	   0	   0	   0	   0	   0	
    599       	169.22		170	0.79222	0.20778	   0	   0	   0	   0	   0	   0	   0	
    600       	169.22		170	0.79223	0.20777	   0	   0	   0	   0	   0	   0	   0	
    601       	169.22		170	0.79224	0.20776	   0	   0	   0	   0	   0	   0	   0	
    602       	169.23		170	0.79226	0.20774	   0	   0	   0	   0	   0	   0	   0	
    603       	169.23		170	0.79227	0.20773	   0	   0	   0	   0	   0	   0	   0	
    604       	169.23		170	0.79228	0.20772	   0	   0	   0	   0	   0	   0	   0	
    605       	169.23		170	0.79229	0.20771	   0	   0	   0	   0	   0	   0	   0	
    606       	169.23		170	0.79231	0.20769	   0	   0	   0	   0	   0	   0	   0	
    607       	169.23		170	0.79232	0.20768	   0	   0	   0	   0	   0	   0	   0	
    608       	169.23		170	0.79233	0.20767	   0	   0	   0	   0	   0	   0	   0	
    609       	169.23		170	0.79234	0.20766	   0	   0	   0	   0	   0	   0	   0	
    610       	169.24		170	0.79235	0.20765	   0	   0	   0	   0	   0	   0	   0	
    611       	169.24		170	0.79237	0.20763	   0	   0	   0	   0	   0	   0	   0	
    612       	169.24		170	0.79238	0.20762	   0	   0	   0	   0	   0	   0	   0	
    613       	169.24		170	0.79239	0.20761	   0	   0	   0	   0	   0	   0	   0	
    614       	169.24		170	0.7924	0.2076	   0	   0	   0	   0	   0	   0	   0	
    615       	169.24		170	0.79241	0.20759	   0	   0	   0	   0	   0	   0	   0	
    616       	169.24		170	0.79243	0.20757	   0	   0	   0	   0	   0	   0	   0	
    617       	169.24		170	0.79244	0.20756	   0	   0	   0	   0	   0	   0	   0	
    618       	169.24		170	0.79245	0.20755	   0	   0	   0	   0	   0	   0	   0	
    619       	169.25		170	0.79246	0.20754	   0	   0	   0	   0	   0	   0	   0	
    620       	169.25		170	0.79247	0.20753	   0	   0	   0	   0	   0	   0	   0	
    621       	169.25		170	0.79249	0.20751	   0	   0	   0	   0	   0	   0	   0	
    622       	169.25		170	0.7925	0.2075	   0	   0	   0	   0	   0	   0	   0	
    623       	169.25		170	0.79251	0.20749	   0	   0	   0	   0	   0	   0	   0	
    624       	169.25		170	0.79252	0.20748	   0	   0	   0	   0	   0	   0	   0	
    625       	169.25		170	0.79253	0.20747	   0	   0	   0	   0	   0	   0	   0	
    626       	169.25		170	0.79254	0.20746	   0	   0	   0	   0	   0	   0	   0	
    627       	169.26		170	0.79256	0.20744	   0	   0	   0	   0	   0	   0	   0	
    628       	169.26		170	0.79257	0.20743	   0	   0	   0	   0	   0	   0	   0	
    629       	169.26		170	0.79258	0.20742	   0	   0	   0	   0	   0	   0	   0	
    630       	169.26		170	0.79259	0.20741	   0	   0	   0	   0	   0	   0	   0	
    631       	169.26		170	0.7926	0.2074	   0	   0	   0	   0	   0	   0	   0	
    632       	169.26		170	0.79261	0.20739	   0	   0	   0	   0	   0	   0	   0	
    633       	169.26		170	0.79262	0.20738	   0	   0	   0	   0	   0	   0	   0	
    634       	169.26		170	0.79264	0.20736	   0	   0	   0	   0	   0	   0	   0	
    635       	169.26		170	0.79265	0.20735	   0	   0	   0	   0	   0	   0	   0	
    636       	169.27		170	0.79266	0.20734	   0	   0	   0	   0	   0	   0	   0	
    637       	169.27		170	0.79267	0.20733	   0	   0	   0	   0	   0	   0	   0	
    638       	169.27		170	0.79268	0.20732	   0	   0	   0	   0	   0	   0	   0	
    639       	169.27		170	0.79269	0.20731	   0	   0	   0	   0	   0	   0	   0	
    640       	169.27		170	0.7927	0.2073	   0	   0	   0	   0	   0	   0	   0	
    641       	169.27		170	0.79271	0.20729	   0	   0	   0	   0	   0	   0	   0	
    642       	169.27		170	0.79273	0.20727	   0	   0	   0	   0	   0	   0	   0	
    643       	169.27		170	0.79274	0.20726	   0	   0	   0	   0	   0	   0	   0	
    644       	169.27		170	0.79275	0.20725	   0	   0	   0	   0	   0	   0	   0	
    645       	169.28		170	0.79276	0.20724	   0	   0	   0	   0	   0	   0	   0	
    646       	169.28		170	0.79277	0.20723	   0	   0	   0	   0	   0	   0	   0	
    647       	169.28		170	0.79278	0.20722	   0	   0	   0	   0	   0	   0	   0	
    648       	169.28		170	0.79279	0.20721	   0	   0	   0	   0	   0	   0	   0	
    649       	169.28		170	0.7928	0.2072	   0	   0	   0	   0	   0	   0	   0	
    650       	169.28		170	0.79281	0.20719	   0	   0	   0	   0	   0	   0	   0	
    651       	169.28		170	0.79282	0.20718	   0	   0	   0	   0	   0	   0	   0	
    652       	169.28		170	0.79283	0.20717	   0	   0	   0	   0	   0	   0	   0	
    653       	169.28		170	0.79285	0.20715	   0	   0	   0	   0	   0	   0	   0	
    654       	169.29		170	0.79286	0.20714	   0	   0	   0	   0	   0	   0	   0	
    655       	169.29		170	0.79287	0.20713	   0	   0	   0	   0	   0	   0	   0	
    656       	169.29		170	0.79288	0.20712	   0	   0	   0	   0	   0	   0	   0	
    657       	169.29		170	0.79289	0.20711	   0	   0	   0	   0	   0	   0	   0	
    658       	169.29		170	0.7929	0.2071	   0	   0	   0	   0	   0	   0	   0	
    659       	169.29		170	0.79291	0.20709	   0	   0	   0	   0	   0	   0	   0	
    660       	169.29		170	0.79292	0.20708	   0	   0	   0	   0	   0	   0	   0	
    661       	169.29		170	0.79293	0.20707	   0	   0	   0	   0	   0	   0	   0	
    662       	169.29		170	0.79294	0.20706	   0	   0	   0	   0	   0	   0	   0	
    663       	169.29		170	0.79295	0.20705	   0	   0	   0	   0	   0	   0	   0	
    664       	169.3		170	0.79296	0.20704	   0	   0	   0	   0	   0	   0	   0	
    665       	169.3		170	0.79297	0.20703	   0	   0	   0	   0	   0	   0	   0	
    666       	169.3		170	0.79298	0.20702	   0	   0	   0	   0	   0	   0	   0	
    667       	169.3		170	0.79299	0.20701	   0	   0	   0	   0	   0	   0	   0	
    668       	169.3		170	0.793	0.207	   0	   0	   0	   0	   0	   0	   0	
    669       	169.3		170	0.79301	0.20699	   0	   0	   0	   0	   0	   0	   0	
    670       	169.3		170	0.79302	0.20698	   0	   0	   0	   0	   0	   0	   0	
    671       	169.3		170	0.79303	0.20697	   0	   0	   0	   0	   0	   0	   0	
    672       	169.3		170	0.79304	0.20696	   0	   0	   0	   0	   0	   0	   0	
    673       	169.31		170	0.79305	0.20695	   0	   0	   0	   0	   0	   0	   0	
    674       	169.31		170	0.79306	0.20694	   0	   0	   0	   0	   0	   0	   0	
    675       	169.31		170	0.79307	0.20693	   0	   0	   0	   0	   0	   0	   0	
    676       	169.31		170	0.79308	0.20692	   0	   0	   0	   0	   0	   0	   0	
    677       	169.31		170	0.79309	0.20691	   0	   0	   0	   0	   0	   0	   0	
    678       	169.31		170	0.7931	0.2069	   0	   0	   0	   0	   0	   0	   0	
    679       	169.31		170	0.79311	0.20689	   0	   0	   0	   0	   0	   0	   0	
    680       	169.31		170	0.79312	0.20688	   0	   0	   0	   0	   0	   0	   0	
    681       	169.31		170	0.79313	0.20687	   0	   0	   0	   0	   0	   0	   0	
    682       	169.31		170	0.79314	0.20686	   0	   0	   0	   0	   0	   0	   0	
    683       	169.32		170	0.79315	0.20685	   0	   0	   0	   0	   0	   0	   0	
    684       	169.32		170	0.79316	0.20684	   0	   0	   0	   0	   0	   0	   0	
    685       	169.32		170	0.79317	0.20683	   0	   0	   0	   0	   0	   0	   0	
    686       	169.32		170	0.79318	0.20682	   0	   0	   0	   0	   0	   0	   0	
    687       	169.32		170	0.79319	0.20681	   0	   0	   0	   0	   0	   0	   0	
    688       	169.32		170	0.7932	0.2068	   0	   0	   0	   0	   0	   0	   0	
    689       	169.32		170	0.79321	0.20679	   0	   0	   0	   0	   0	   0	   0	
    690       	169.32		170	0.79322	0.20678	   0	   0	   0	   0	   0	   0	   0	
    691       	169.32		170	0.79323	0.20677	   0	   0	   0	   0	   0	   0	   0	
    692       	169.32		170	0.79324	0.20676	   0	   0	   0	   0	   0	   0	   0	
    693       	169.32		170	0.79325	0.20675	   0	   0	   0	   0	   0	   0	   0	
    694       	169.33		170	0.79326	0.20674	   0	   0	   0	   0	   0	   0	   0	
    695       	169.33		170	0.79327	0.20673	   0	   0	   0	   0	   0	   0	   0	
    696       	169.33		170	0.79328	0.20672	   0	   0	   0	   0	   0	   0	   0	
    697       	169.33		170	0.79329	0.20671	   0	   0	   0	   0	   0	   0	   0	
    698       	169.33		170	0.7933	0.2067	   0	   0	   0	   0	   0	   0	   0	
    699       	169.33		170	0.79331	0.20669	   0	   0	   0	   0	   0	   0	   0	
    700       	169.33		170	0.79331	0.20669	   0	   0	   0	   0	   0	   0	   0	
    701       	169.33		170	0.79332	0.20668	   0	   0	   0	   0	   0	   0	   0	
    702       	169.33		170	0.79333	0.20667	   0	   0	   0	   0	   0	   0	   0	
    703       	169.33		170	0.79334	0.20666	   0	   0	   0	   0	   0	   0	   0	
    704       	169.33		170	0.79335	0.20665	   0	   0	   0	   0	   0	   0	   0	
    705       	169.34		170	0.79336	0.20664	   0	   0	   0	   0	   0	   0	   0	
    706       	169.34		170	0.79337	0.20663	   0	   0	   0	   0	   0	   0	   0	
    707       	169.34		170	0.79338	0.20662	   0	   0	   0	   0	   0	   0	   0	
    708       	169.34		170	0.79339	0.20661	   0	   0	   0	   0	   0	   0	   0	
    709       	169.34		170	0.7934	0.2066	   0	   0	   0	   0	   0	   0	   0	
    710       	169.34		170	0.79341	0.20659	   0	   0	   0	   0	   0	   0	   0	
    711       	169.34		170	0.79342	0.20658	   0	   0	   0	   0	   0	   0	   0	
    712       	169.34		170	0.79342	0.20658	   0	   0	   0	   0	   0	   0	   0	
    713       	169.34		170	0.79343	0.20657	   0	   0	   0	   0	   0	   0	   0	
    714       	169.34		170	0.79344	0.20656	   0	   0	   0	   0	   0	   0	   0	
    715       	169.34		170	0.79345	0.20655	   0	   0	   0	   0	   0	   0	   0	
    716       	169.35		170	0.79346	0.20654	   0	   0	   0	   0	   0	   0	   0	
    717       	169.35		170	0.79347	0.20653	   0	   0	   0	   0	   0	   0	   0	
    718       	169.35		170	0.79348	0.20652	   0	   0	   0	   0	   0	   0	   0	
    719       	169.35		170	0.79349	0.20651	   0	   0	   0	   0	   0	   0	   0	
    720       	169.35		170	0.7935	0.2065	   0	   0	   0	   0	   0	   0	   0	
    721       	169.35		170	0.7935	0.2065	   0	   0	   0	   0	   0	   0	   0	
    722       	169.35		170	0.79351	0.20649	   0	   0	   0	   0	   0	   0	   0	
    723       	169.35		170	0.79352	0.20648	   0	   0	   0	   0	   0	   0	   0	
    724       	169.35		170	0.79353	0.20647	   0	   0	   0	   0	   0	   0	   0	
    725       	169.35		170	0.79354	0.20646	   0	   0	   0	   0	   0	   0	   0	
    726       	169.35		170	0.79355	0.20645	   0	   0	   0	   0	   0	   0	   0	
    727       	169.36		170	0.79356	0.20644	   0	   0	   0	   0	   0	   0	   0	
    728       	169.36		170	0.79357	0.20643	   0	   0	   0	   0	   0	   0	   0	
    729       	169.36		170	0.79357	0.20643	   0	   0	   0	   0	   0	   0	   0	
    730       	169.36		170	0.79358	0.20642	   0	   0	   0	   0	   0	   0	   0	
    731       	169.36		170	0.79359	0.20641	   0	   0	   0	   0	   0	   0	   0	
    732       	169.36		170	0.7936	0.2064	   0	   0	   0	   0	   0	   0	   0	
    733       	169.36		170	0.79361	0.20639	   0	   0	   0	   0	   0	   0	   0	
    734       	169.36		170	0.79362	0.20638	   0	   0	   0	   0	   0	   0	   0	
    735       	169.36		170	0.79363	0.20637	   0	   0	   0	   0	   0	   0	   0	
    736       	169.36		170	0.79363	0.20637	   0	   0	   0	   0	   0	   0	   0	
    737       	169.36		170	0.79364	0.20636	   0	   0	   0	   0	   0	   0	   0	
    738       	169.36		170	0.79365	0.20635	   0	   0	   0	   0	   0	   0	   0	
    739       	169.37		170	0.79366	0.20634	   0	   0	   0	   0	   0	   0	   0	
    740       	169.37		170	0.79367	0.20633	   0	   0	   0	   0	   0	   0	   0	
    741       	169.37		170	0.79368	0.20632	   0	   0	   0	   0	   0	   0	   0	
    742       	169.37		170	0.79368	0.20632	   0	   0	   0	   0	   0	   0	   0	
    743       	169.37		170	0.79369	0.20631	   0	   0	   0	   0	   0	   0	   0	
    744       	169.37		170	0.7937	0.2063	   0	   0	   0	   0	   0	   0	   0	
    745       	169.37		170	0.79371	0.20629	   0	   0	   0	   0	   0	   0	   0	
    746       	169.37		170	0.79372	0.20628	   0	   0	   0	   0	   0	   0	   0	
    747       	169.37		170	0.79373	0.20627	   0	   0	   0	   0	   0	   0	   0	
    748       	169.37		170	0.79373	0.20627	   0	   0	   0	   0	   0	   0	   0	
    749       	169.37		170	0.79374	0.20626	   0	   0	   0	   0	   0	   0	   0	
    750       	169.37		170	0.79375	0.20625	   0	   0	   0	   0	   0	   0	   0	
    751       	169.38		170	0.79376	0.20624	   0	   0	   0	   0	   0	   0	   0	
    752       	169.38		170	0.79377	0.20623	   0	   0	   0	   0	   0	   0	   0	
    753       	169.38		170	0.79377	0.20623	   0	   0	   0	   0	   0	   0	   0	
    754       	169.38		170	0.79378	0.20622	   0	   0	   0	   0	   0	   0	   0	
    755       	169.38		170	0.79379	0.20621	   0	   0	   0	   0	   0	   0	   0	
    756       	169.38		170	0.7938	0.2062	   0	   0	   0	   0	   0	   0	   0	
    757       	169.38		170	0.79381	0.20619	   0	   0	   0	   0	   0	   0	   0	
    758       	169.38		170	0.79382	0.20618	   0	   0	   0	   0	   0	   0	   0	
    759       	169.38		170	0.79382	0.20618	   0	   0	   0	   0	   0	   0	   0	
    760       	169.38		170	0.79383	0.20617	   0	   0	   0	   0	   0	   0	   0	
    761       	169.38		170	0.79384	0.20616	   0	   0	   0	   0	   0	   0	   0	
    762       	169.38		170	0.79385	0.20615	   0	   0	   0	   0	   0	   0	   0	
    763       	169.39		170	0.79385	0.20615	   0	   0	   0	   0	   0	   0	   0	
    764       	169.39		170	0.79386	0.20614	   0	   0	   0	   0	   0	   0	   0	
    765       	169.39		170	0.79387	0.20613	   0	   0	   0	   0	   0	   0	   0	
    766       	169.39		170	0.79388	0.20612	   0	   0	   0	   0	   0	   0	   0	
    767       	169.39		170	0.79389	0.20611	   0	   0	   0	   0	   0	   0	   0	
    768       	169.39		170	0.79389	0.20611	   0	   0	   0	   0	   0	   0	   0	
    769       	169.39		170	0.7939	0.2061	   0	   0	   0	   0	   0	   0	   0	
    770       	169.39		170	0.79391	0.20609	   0	   0	   0	   0	   0	   0	   0	
    771       	169.39		170	0.79392	0.20608	   0	   0	   0	   0	   0	   0	   0	
    772       	169.39		170	0.79392	0.20608	   0	   0	   0	   0	   0	   0	   0	
    773       	169.39		170	0.79393	0.20607	   0	   0	   0	   0	   0	   0	   0	
    774       	169.39		170	0.79394	0.20606	   0	   0	   0	   0	   0	   0	   0	
    775       	169.39		170	0.79395	0.20605	   0	   0	   0	   0	   0	   0	   0	
    776       	169.4		170	0.79396	0.20604	   0	   0	   0	   0	   0	   0	   0	
    777       	169.4		170	0.79396	0.20604	   0	   0	   0	   0	   0	   0	   0	
    778       	169.4		170	0.79397	0.20603	   0	   0	   0	   0	   0	   0	   0	
    779       	169.4		170	0.79398	0.20602	   0	   0	   0	   0	   0	   0	   0	
    780       	169.4		170	0.79399	0.20601	   0	   0	   0	   0	   0	   0	   0	
    781       	169.4		170	0.79399	0.20601	   0	   0	   0	   0	   0	   0	   0	
    782       	169.4		170	0.794	0.206	   0	   0	   0	   0	   0	   0	   0	
    783       	169.4		170	0.79401	0.20599	   0	   0	   0	   0	   0	   0	   0	
    784       	169.4		170	0.79402	0.20598	   0	   0	   0	   0	   0	   0	   0	
    785       	169.4		170	0.79402	0.20598	   0	   0	   0	   0	   0	   0	   0	
    786       	169.4		170	0.79403	0.20597	   0	   0	   0	   0	   0	   0	   0	
    787       	169.4		170	0.79404	0.20596	   0	   0	   0	   0	   0	   0	   0	
    788       	169.4		170	0.79405	0.20595	   0	   0	   0	   0	   0	   0	   0	
    789       	169.41		170	0.79405	0.20595	   0	   0	   0	   0	   0	   0	   0	
    790       	169.41		170	0.79406	0.20594	   0	   0	   0	   0	   0	   0	   0	
    791       	169.41		170	0.79407	0.20593	   0	   0	   0	   0	   0	   0	   0	
    792       	169.41		170	0.79408	0.20592	   0	   0	   0	   0	   0	   0	   0	
    793       	169.41		170	0.79408	0.20592	   0	   0	   0	   0	   0	   0	   0	
    794       	169.41		170	0.79409	0.20591	   0	   0	   0	   0	   0	   0	   0	
    795       	169.41		170	0.7941	0.2059	   0	   0	   0	   0	   0	   0	   0	
    796       	169.41		170	0.7941	0.2059	   0	   0	   0	   0	   0	   0	   0	
    797       	169.41		170	0.79411	0.20589	   0	   0	   0	   0	   0	   0	   0	
    798       	169.41		170	0.79412	0.20588	   0	   0	   0	   0	   0	   0	   0	
    799       	169.41		170	0.79413	0.20587	   0	   0	   0	   0	   0	   0	   0	
    800       	169.41		170	0.79413	0.20587	   0	   0	   0	   0	   0	   0	   0	
    801       	169.41		170	0.79414	0.20586	   0	   0	   0	   0	   0	   0	   0	
    802       	169.41		170	0.79415	0.20585	   0	   0	   0	   0	   0	   0	   0	
    803       	169.42		170	0.79415	0.20585	   0	   0	   0	   0	   0	   0	   0	
    804       	169.42		170	0.79416	0.20584	   0	   0	   0	   0	   0	   0	   0	
    805       	169.42		170	0.79417	0.20583	   0	   0	   0	   0	   0	   0	   0	
    806       	169.42		170	0.79418	0.20582	   0	   0	   0	   0	   0	   0	   0	
    807       	169.42		170	0.79418	0.20582	   0	   0	   0	   0	   0	   0	   0	
    808       	169.42		170	0.79419	0.20581	   0	   0	   0	   0	   0	   0	   0	
    809       	169.42		170	0.7942	0.2058	   0	   0	   0	   0	   0	   0	   0	
    810       	169.42		170	0.7942	0.2058	   0	   0	   0	   0	   0	   0	   0	
    811       	169.42		170	0.79421	0.20579	   0	   0	   0	   0	   0	   0	   0	
    812       	169.42		170	0.79422	0.20578	   0	   0	   0	   0	   0	   0	   0	
    813       	169.42		170	0.79423	0.20577	   0	   0	   0	   0	   0	   0	   0	
    814       	169.42		170	0.79423	0.20577	   0	   0	   0	   0	   0	   0	   0	
    815       	169.42		170	0.79424	0.20576	   0	   0	   0	   0	   0	   0	   0	
    816       	169.42		170	0.79425	0.20575	   0	   0	   0	   0	   0	   0	   0	
    817       	169.43		170	0.79425	0.20575	   0	   0	   0	   0	   0	   0	   0	
    818       	169.43		170	0.79426	0.20574	   0	   0	   0	   0	   0	   0	   0	
    819       	169.43		170	0.79427	0.20573	   0	   0	   0	   0	   0	   0	   0	
    820       	169.43		170	0.79427	0.20573	   0	   0	   0	   0	   0	   0	   0	
    821       	169.43		170	0.79428	0.20572	   0	   0	   0	   0	   0	   0	   0	
    822       	169.43		170	0.79429	0.20571	   0	   0	   0	   0	   0	   0	   0	
    823       	169.43		170	0.79429	0.20571	   0	   0	   0	   0	   0	   0	   0	
    824       	169.43		170	0.7943	0.2057	   0	   0	   0	   0	   0	   0	   0	
    825       	169.43		170	0.79431	0.20569	   0	   0	   0	   0	   0	   0	   0	
    826       	169.43		170	0.79431	0.20569	   0	   0	   0	   0	   0	   0	   0	
    827       	169.43		170	0.79432	0.20568	   0	   0	   0	   0	   0	   0	   0	
    828       	169.43		170	0.79433	0.20567	   0	   0	   0	   0	   0	   0	   0	
    829       	169.43		170	0.79433	0.20567	   0	   0	   0	   0	   0	   0	   0	
    830       	169.43		170	0.79434	0.20566	   0	   0	   0	   0	   0	   0	   0	
    831       	169.43		170	0.79435	0.20565	   0	   0	   0	   0	   0	   0	   0	
    832       	169.44		170	0.79435	0.20565	   0	   0	   0	   0	   0	   0	   0	
    833       	169.44		170	0.79436	0.20564	   0	   0	   0	   0	   0	   0	   0	
    834       	169.44		170	0.79437	0.20563	   0	   0	   0	   0	   0	   0	   0	
    835       	169.44		170	0.79437	0.20563	   0	   0	   0	   0	   0	   0	   0	
    836       	169.44		170	0.79438	0.20562	   0	   0	   0	   0	   0	   0	   0	
    837       	169.44		170	0.79439	0.20561	   0	   0	   0	   0	   0	   0	   0	
    838       	169.44		170	0.79439	0.20561	   0	   0	   0	   0	   0	   0	   0	
    839       	169.44		170	0.7944	0.2056	   0	   0	   0	   0	   0	   0	   0	
    840       	169.44		170	0.79441	0.20559	   0	   0	   0	   0	   0	   0	   0	
    841       	169.44		170	0.79441	0.20559	   0	   0	   0	   0	   0	   0	   0	
    842       	169.44		170	0.79442	0.20558	   0	   0	   0	   0	   0	   0	   0	
    843       	169.44		170	0.79443	0.20557	   0	   0	   0	   0	   0	   0	   0	
    844       	169.44		170	0.79443	0.20557	   0	   0	   0	   0	   0	   0	   0	
    845       	169.44		170	0.79444	0.20556	   0	   0	   0	   0	   0	   0	   0	
    846       	169.44		170	0.79445	0.20555	   0	   0	   0	   0	   0	   0	   0	
    847       	169.45		170	0.79445	0.20555	   0	   0	   0	   0	   0	   0	   0	
    848       	169.45		170	0.79446	0.20554	   0	   0	   0	   0	   0	   0	   0	
    849       	169.45		170	0.79447	0.20553	   0	   0	   0	   0	   0	   0	   0	
    850       	169.45		170	0.79447	0.20553	   0	   0	   0	   0	   0	   0	   0	
    851       	169.45		170	0.79448	0.20552	   0	   0	   0	   0	   0	   0	   0	
    852       	169.45		170	0.79448	0.20552	   0	   0	   0	   0	   0	   0	   0	
    853       	169.45		170	0.79449	0.20551	   0	   0	   0	   0	   0	   0	   0	
    854       	169.45		170	0.7945	0.2055	   0	   0	   0	   0	   0	   0	   0	
    855       	169.45		170	0.7945	0.2055	   0	   0	   0	   0	   0	   0	   0	
    856       	169.45		170	0.79451	0.20549	   0	   0	   0	   0	   0	   0	   0	
    857       	169.45		170	0.79452	0.20548	   0	   0	   0	   0	   0	   0	   0	
    858       	169.45		170	0.79452	0.20548	   0	   0	   0	   0	   0	   0	   0	
    859       	169.45		170	0.79453	0.20547	   0	   0	   0	   0	   0	   0	   0	
    860       	169.45		170	0.79453	0.20547	   0	   0	   0	   0	   0	   0	   0	
    861       	169.45		170	0.79454	0.20546	   0	   0	   0	   0	   0	   0	   0	
    862       	169.45		170	0.79455	0.20545	   0	   0	   0	   0	   0	   0	   0	
    863       	169.46		170	0.79455	0.20545	   0	   0	   0	   0	   0	   0	   0	
    864       	169.46		170	0.79456	0.20544	   0	   0	   0	   0	   0	   0	   0	
    865       	169.46		170	0.79457	0.20543	   0	   0	   0	   0	   0	   0	   0	
    866       	169.46		170	0.79457	0.20543	   0	   0	   0	   0	   0	   0	   0	
    867       	169.46		170	0.79458	0.20542	   0	   0	   0	   0	   0	   0	   0	
    868       	169.46		170	0.79458	0.20542	   0	   0	   0	   0	   0	   0	   0	
    869       	169.46		170	0.79459	0.20541	   0	   0	   0	   0	   0	   0	   0	
    870       	169.46		170	0.7946	0.2054	   0	   0	   0	   0	   0	   0	   0	
    871       	169.46		170	0.7946	0.2054	   0	   0	   0	   0	   0	   0	   0	
    872       	169.46		170	0.79461	0.20539	   0	   0	   0	   0	   0	   0	   0	
    873       	169.46		170	0.79461	0.20539	   0	   0	   0	   0	   0	   0	   0	
    874       	169.46		170	0.79462	0.20538	   0	   0	   0	   0	   0	   0	   0	
    875       	169.46		170	0.79463	0.20537	   0	   0	   0	   0	   0	   0	   0	
    876       	169.46		170	0.79463	0.20537	   0	   0	   0	   0	   0	   0	   0	
    877       	169.46		170	0.79464	0.20536	   0	   0	   0	   0	   0	   0	   0	
    878       	169.46		170	0.79464	0.20536	   0	   0	   0	   0	   0	   0	   0	
    879       	169.46		170	0.79465	0.20535	   0	   0	   0	   0	   0	   0	   0	
    880       	169.47		170	0.79466	0.20534	   0	   0	   0	   0	   0	   0	   0	
    881       	169.47		170	0.79466	0.20534	   0	   0	   0	   0	   0	   0	   0	
    882       	169.47		170	0.79467	0.20533	   0	   0	   0	   0	   0	   0	   0	
    883       	169.47		170	0.79467	0.20533	   0	   0	   0	   0	   0	   0	   0	
    884       	169.47		170	0.79468	0.20532	   0	   0	   0	   0	   0	   0	   0	
    885       	169.47		170	0.79469	0.20531	   0	   0	   0	   0	   0	   0	   0	
    886       	169.47		170	0.79469	0.20531	   0	   0	   0	   0	   0	   0	   0	
    887       	169.47		170	0.7947	0.2053	   0	   0	   0	   0	   0	   0	   0	
    888       	169.47		170	0.7947	0.2053	   0	   0	   0	   0	   0	   0	   0	
    889       	169.47		170	0.79471	0.20529	   0	   0	   0	   0	   0	   0	   0	
    890       	169.47		170	0.79472	0.20528	   0	   0	   0	   0	   0	   0	   0	
    891       	169.47		170	0.79472	0.20528	   0	   0	   0	   0	   0	   0	   0	
    892       	169.47		170	0.79473	0.20527	   0	   0	   0	   0	   0	   0	   0	
    893       	169.47		170	0.79473	0.20527	   0	   0	   0	   0	   0	   0	   0	
    894       	169.47		170	0.79474	0.20526	   0	   0	   0	   0	   0	   0	   0	
    895       	169.47		170	0.79474	0.20526	   0	   0	   0	   0	   0	   0	   0	
    896       	169.47		170	0.79475	0.20525	   0	   0	   0	   0	   0	   0	   0	
    897       	169.48		170	0.79476	0.20524	   0	   0	   0	   0	   0	   0	   0	
    898       	169.48		170	0.79476	0.20524	   0	   0	   0	   0	   0	   0	   0	
    899       	169.48		170	0.79477	0.20523	   0	   0	   0	   0	   0	   0	   0	
    900       	169.48		170	0.79477	0.20523	   0	   0	   0	   0	   0	   0	   0	
    901       	169.48		170	0.79478	0.20522	   0	   0	   0	   0	   0	   0	   0	
    902       	169.48		170	0.79478	0.20522	   0	   0	   0	   0	   0	   0	   0	
    903       	169.48		170	0.79479	0.20521	   0	   0	   0	   0	   0	   0	   0	
    904       	169.48		170	0.7948	0.2052	   0	   0	   0	   0	   0	   0	   0	
    905       	169.48		170	0.7948	0.2052	   0	   0	   0	   0	   0	   0	   0	
    906       	169.48		170	0.79481	0.20519	   0	   0	   0	   0	   0	   0	   0	
    907       	169.48		170	0.79481	0.20519	   0	   0	   0	   0	   0	   0	   0	
    908       	169.48		170	0.79482	0.20518	   0	   0	   0	   0	   0	   0	   0	
    909       	169.48		170	0.79482	0.20518	   0	   0	   0	   0	   0	   0	   0	
    910       	169.48		170	0.79483	0.20517	   0	   0	   0	   0	   0	   0	   0	
    911       	169.48		170	0.79484	0.20516	   0	   0	   0	   0	   0	   0	   0	
    912       	169.48		170	0.79484	0.20516	   0	   0	   0	   0	   0	   0	   0	
    913       	169.48		170	0.79485	0.20515	   0	   0	   0	   0	   0	   0	   0	
    914       	169.49		170	0.79485	0.20515	   0	   0	   0	   0	   0	   0	   0	
    915       	169.49		170	0.79486	0.20514	   0	   0	   0	   0	   0	   0	   0	
    916       	169.49		170	0.79486	0.20514	   0	   0	   0	   0	   0	   0	   0	
    917       	169.49		170	0.79487	0.20513	   0	   0	   0	   0	   0	   0	   0	
    918       	169.49		170	0.79487	0.20513	   0	   0	   0	   0	   0	   0	   0	
    919       	169.49		170	0.79488	0.20512	   0	   0	   0	   0	   0	   0	   0	
    920       	169.49		170	0.79488	0.20512	   0	   0	   0	   0	   0	   0	   0	
    921       	169.49		170	0.79489	0.20511	   0	   0	   0	   0	   0	   0	   0	
    922       	169.49		170	0.7949	0.2051	   0	   0	   0	   0	   0	   0	   0	
    923       	169.49		170	0.7949	0.2051	   0	   0	   0	   0	   0	   0	   0	
    924       	169.49		170	0.79491	0.20509	   0	   0	   0	   0	   0	   0	   0	
    925       	169.49		170	0.79491	0.20509	   0	   0	   0	   0	   0	   0	   0	
    926       	169.49		170	0.79492	0.20508	   0	   0	   0	   0	   0	   0	   0	
    927       	169.49		170	0.79492	0.20508	   0	   0	   0	   0	   0	   0	   0	
    928       	169.49		170	0.79493	0.20507	   0	   0	   0	   0	   0	   0	   0	
    929       	169.49		170	0.79493	0.20507	   0	   0	   0	   0	   0	   0	   0	
    930       	169.49		170	0.79494	0.20506	   0	   0	   0	   0	   0	   0	   0	
    931       	169.49		170	0.79494	0.20506	   0	   0	   0	   0	   0	   0	   0	
    932       	169.49		170	0.79495	0.20505	   0	   0	   0	   0	   0	   0	   0	
    933       	169.5		170	0.79496	0.20504	   0	   0	   0	   0	   0	   0	   0	
    934       	169.5		170	0.79496	0.20504	   0	   0	   0	   0	   0	   0	   0	
    935       	169.5		170	0.79497	0.20503	   0	   0	   0	   0	   0	   0	   0	
    936       	169.5		170	0.79497	0.20503	   0	   0	   0	   0	   0	   0	   0	
    937       	169.5		170	0.79498	0.20502	   0	   0	   0	   0	   0	   0	   0	
    938       	169.5		170	0.79498	0.20502	   0	   0	   0	   0	   0	   0	   0	
    939       	169.5		170	0.79499	0.20501	   0	   0	   0	   0	   0	   0	   0	
    940       	169.5		170	0.79499	0.20501	   0	   0	   0	   0	   0	   0	   0	
    941       	169.5		170	0.795	0.205	   0	   0	   0	   0	   0	   0	   0	
    942       	169.5		170	0.795	0.205	   0	   0	   0	   0	   0	   0	   0	
    943       	169.5		170	0.79501	0.20499	   0	   0	   0	   0	   0	   0	   0	
    944       	169.5		170	0.79501	0.20499	   0	   0	   0	   0	   0	   0	   0	
    945       	169.5		170	0.79502	0.20498	   0	   0	   0	   0	   0	   0	   0	
    946       	169.5		170	0.79502	0.20498	   0	   0	   0	   0	   0	   0	   0	
    947       	169.5		170	0.79503	0.20497	   0	   0	   0	   0	   0	   0	   0	
    948       	169.5		170	0.79503	0.20497	   0	   0	   0	   0	   0	   0	   0	
    949       	169.5		170	0.79504	0.20496	   0	   0	   0	   0	   0	   0	   0	
    950       	169.5		170	0.79504	0.20496	   0	   0	   0	   0	   0	   0	   0	
    951       	169.5		170	0.79505	0.20495	   0	   0	   0	   0	   0	   0	   0	
    952       	169.51		170	0.79505	0.20495	   0	   0	   0	   0	   0	   0	   0	
    953       	169.51		170	0.79506	0.20494	   0	   0	   0	   0	   0	   0	   0	
    954       	169.51		170	0.79506	0.20494	   0	   0	   0	   0	   0	   0	   0	
    955       	169.51		170	0.79507	0.20493	   0	   0	   0	   0	   0	   0	   0	
    956       	169.51		170	0.79507	0.20493	   0	   0	   0	   0	   0	   0	   0	
    957       	169.51		170	0.79508	0.20492	   0	   0	   0	   0	   0	   0	   0	
    958       	169.51		170	0.79508	0.20492	   0	   0	   0	   0	   0	   0	   0	
    959       	169.51		170	0.79509	0.20491	   0	   0	   0	   0	   0	   0	   0	
    960       	169.51		170	0.79509	0.20491	   0	   0	   0	   0	   0	   0	   0	
    961       	169.51		170	0.7951	0.2049	   0	   0	   0	   0	   0	   0	   0	
    962       	169.51		170	0.7951	0.2049	   0	   0	   0	   0	   0	   0	   0	
    963       	169.51		170	0.79511	0.20489	   0	   0	   0	   0	   0	   0	   0	
    964       	169.51		170	0.79511	0.20489	   0	   0	   0	   0	   0	   0	   0	
    965       	169.51		170	0.79512	0.20488	   0	   0	   0	   0	   0	   0	   0	
    966       	169.51		170	0.79512	0.20488	   0	   0	   0	   0	   0	   0	   0	
    967       	169.51		170	0.79513	0.20487	   0	   0	   0	   0	   0	   0	   0	
    968       	169.51		170	0.79513	0.20487	   0	   0	   0	   0	   0	   0	   0	
    969       	169.51		170	0.79514	0.20486	   0	   0	   0	   0	   0	   0	   0	
    970       	169.51		170	0.79514	0.20486	   0	   0	   0	   0	   0	   0	   0	
    971       	169.51		170	0.79515	0.20485	   0	   0	   0	   0	   0	   0	   0	
    972       	169.52		170	0.79515	0.20485	   0	   0	   0	   0	   0	   0	   0	
    973       	169.52		170	0.79516	0.20484	   0	   0	   0	   0	   0	   0	   0	
    974       	169.52		170	0.79516	0.20484	   0	   0	   0	   0	   0	   0	   0	
    975       	169.52		170	0.79517	0.20483	   0	   0	   0	   0	   0	   0	   0	
    976       	169.52		170	0.79517	0.20483	   0	   0	   0	   0	   0	   0	   0	
    977       	169.52		170	0.79518	0.20482	   0	   0	   0	   0	   0	   0	   0	
    978       	169.52		170	0.79518	0.20482	   0	   0	   0	   0	   0	   0	   0	
    979       	169.52		170	0.79519	0.20481	   0	   0	   0	   0	   0	   0	   0	
    980       	169.52		170	0.79519	0.20481	   0	   0	   0	   0	   0	   0	   0	
    981       	169.52		170	0.7952	0.2048	   0	   0	   0	   0	   0	   0	   0	
    982       	169.52		170	0.7952	0.2048	   0	   0	   0	   0	   0	   0	   0	
    983       	169.52		170	0.79521	0.20479	   0	   0	   0	   0	   0	   0	   0	
    984       	169.52		170	0.79521	0.20479	   0	   0	   0	   0	   0	   0	   0	
    985       	169.52		170	0.79522	0.20478	   0	   0	   0	   0	   0	   0	   0	
    986       	169.52		170	0.79522	0.20478	   0	   0	   0	   0	   0	   0	   0	
    987       	169.52		170	0.79523	0.20477	   0	   0	   0	   0	   0	   0	   0	
    988       	169.52		170	0.79523	0.20477	   0	   0	   0	   0	   0	   0	   0	
    989       	169.52		170	0.79524	0.20476	   0	   0	   0	   0	   0	   0	   0	
    990       	169.52		170	0.79524	0.20476	   0	   0	   0	   0	   0	   0	   0	
    991       	169.52		170	0.79525	0.20475	   0	   0	   0	   0	   0	   0	   0	
    992       	169.52		170	0.79525	0.20475	   0	   0	   0	   0	   0	   0	   0	
    993       	169.53		170	0.79525	0.20475	   0	   0	   0	   0	   0	   0	   0	
    994       	169.53		170	0.79526	0.20474	   0	   0	   0	   0	   0	   0	   0	
    995       	169.53		170	0.79526	0.20474	   0	   0	   0	   0	   0	   0	   0	
    996       	169.53		170	0.79527	0.20473	   0	   0	   0	   0	   0	   0	   0	
    997       	169.53		170	0.79527	0.20473	   0	   0	   0	   0	   0	   0	   0	
    998       	169.53		170	0.79528	0.20472	   0	   0	   0	   0	   0	   0	   0	
    999       	169.53		170	0.79528	0.20472	   0	   0	   0	   0	   0	   0	   0	
